"Sens Factor =-0.803dB, SERNO: 7051321"
"Auto-generated 90-degree calibration file for use with nanoAVR DL"
10.054	-2.9713
10.179	-2.8250
10.306	-2.6820
10.434	-2.5420
10.564	-2.4053
10.696	-2.2718
10.829	-2.1412
10.964	-2.0138
11.100	-1.8893
11.238	-1.7679
11.378	-1.6495
11.520	-1.5340
11.663	-1.4213
11.809	-1.3117
11.956	-1.2048
12.104	-1.1006
12.255	-0.9993
12.408	-0.9007
12.562	-0.8048
12.718	-0.7115
12.877	-0.6210
13.037	-0.5331
13.199	-0.4477
13.364	-0.3649
13.530	-0.2845
13.698	-0.2067
13.869	-0.1313
14.042	-0.0584
14.216	0.0122
14.393	0.0805
14.573	0.1463
14.754	0.2099
14.938	0.2713
15.124	0.3304
15.312	0.3874
15.503	0.4421
15.696	0.4948
15.891	0.5454
16.089	0.5938
16.289	0.6403
16.492	0.6848
16.697	0.7273
16.905	0.7678
17.115	0.8065
17.328	0.8433
17.544	0.8783
17.763	0.9114
17.984	0.9427
18.208	0.9724
18.434	1.0003
18.664	1.0266
18.896	1.0512
19.131	1.0742
19.369	1.0956
19.611	1.1154
19.855	1.1338
20.102	1.1507
20.352	1.1661
20.605	1.1801
20.862	1.1927
21.122	1.2039
21.385	1.2139
21.651	1.2225
21.920	1.2300
22.193	1.2361
22.470	1.2411
22.749	1.2449
23.032	1.2476
23.319	1.2492
23.609	1.2497
23.903	1.2492
24.201	1.2477
24.502	1.2452
24.807	1.2418
25.116	1.2375
25.429	1.2323
25.745	1.2263
26.066	1.2194
26.390	1.2119
26.719	1.2035
27.051	1.1945
27.388	1.1847
27.729	1.1744
28.074	1.1634
28.424	1.1518
28.778	1.1397
29.136	1.1271
29.499	1.1139
29.866	1.1004
30.238	1.0864
30.614	1.0720
30.995	1.0573
31.381	1.0423
31.772	1.0269
32.167	1.0113
32.568	0.9955
32.973	0.9795
33.383	0.9633
33.799	0.9470
34.220	0.9306
34.646	0.9141
35.077	0.8976
35.514	0.8805
35.956	0.8638
36.403	0.8474
36.857	0.8312
37.315	0.8152
37.780	0.7990
38.250	0.7828
38.726	0.7662
39.209	0.7493
39.697	0.7320
40.191	0.7143
40.691	0.6963
41.198	0.6780
41.711	0.6599
42.230	0.6422
42.756	0.6253
43.288	0.6097
43.827	0.5958
44.372	0.5841
44.925	0.5747
45.484	0.5681
46.050	0.5642
46.623	0.5632
47.204	0.5650
47.791	0.5692
48.386	0.5756
48.989	0.5835
49.599	0.5926
50.216	0.6021
50.841	0.6116
51.474	0.6206
52.115	0.6291
52.764	0.6368
53.420	0.6436
54.085	0.6495
54.759	0.6546
55.440	0.6587
56.131	0.6622
56.829	0.6650
57.537	0.6671
58.253	0.6686
58.978	0.6694
59.712	0.6696
60.456	0.6692
61.208	0.6681
61.970	0.6664
62.742	0.6641
63.523	0.6613
64.314	0.6582
65.114	0.6547
65.925	0.6510
66.745	0.6471
67.576	0.6430
68.418	0.6387
69.269	0.6341
70.132	0.6293
71.005	0.6242
71.889	0.6189
72.784	0.6135
73.690	0.6081
74.607	0.6028
75.536	0.5975
76.476	0.5923
77.428	0.5872
78.392	0.5823
79.368	0.5773
80.356	0.5724
81.356	0.5673
82.369	0.5619
83.394	0.5563
84.433	0.5502
85.484	0.5436
86.548	0.5366
87.625	0.5293
88.716	0.5216
89.820	0.5137
90.939	0.5056
92.071	0.4972
93.217	0.4884
94.377	0.4793
95.552	0.4700
96.742	0.4604
97.946	0.4507
99.165	0.4408
100.400	0.4307
101.650	0.4205
102.915	0.4103
104.196	0.4003
105.493	0.3909
106.806	0.3820
108.136	0.3738
109.482	0.3663
110.845	0.3594
112.225	0.3529
113.622	0.3470
115.037	0.3414
116.469	0.3361
117.919	0.3311
119.386	0.3264
120.873	0.3217
122.377	0.3172
123.901	0.3125
125.443	0.3078
127.005	0.3028
128.586	0.2977
130.187	0.2924
131.807	0.2870
133.448	0.2813
135.109	0.2755
136.791	0.2696
138.494	0.2636
140.218	0.2577
141.964	0.2521
143.731	0.2468
145.520	0.2418
147.332	0.2369
149.166	0.2323
151.023	0.2278
152.903	0.2236
154.806	0.2195
156.734	0.2155
158.685	0.2116
160.660	0.2077
162.660	0.2042
164.685	0.2011
166.735	0.1985
168.811	0.1965
170.912	0.1951
173.040	0.1940
175.194	0.1930
177.375	0.1918
179.583	0.1903
181.819	0.1886
184.082	0.1866
186.374	0.1845
188.694	0.1822
191.043	0.1798
193.421	0.1772
195.829	0.1744
198.267	0.1712
200.735	0.1677
203.234	0.1639
205.764	0.1601
208.325	0.1564
210.919	0.1528
213.544	0.1492
216.203	0.1456
218.894	0.1420
221.619	0.1386
224.378	0.1352
227.171	0.1319
229.999	0.1285
232.862	0.1250
235.761	0.1213
238.696	0.1171
241.668	0.1127
244.676	0.1081
247.722	0.1034
250.806	0.0986
253.928	0.0935
257.089	0.0884
260.290	0.0833
263.530	0.0783
266.810	0.0734
270.132	0.0685
273.495	0.0635
276.899	0.0586
280.346	0.0536
283.836	0.0487
287.370	0.0438
290.947	0.0392
294.569	0.0349
298.236	0.0309
301.949	0.0272
305.708	0.0237
309.513	0.0204
313.366	0.0173
317.267	0.0144
321.217	0.0118
325.216	0.0093
329.264	0.0071
333.363	0.0050
337.513	0.0031
341.715	0.0012
345.969	-0.0006
350.276	-0.0023
354.636	-0.0038
359.051	-0.0052
363.521	-0.0065
368.046	-0.0078
372.628	-0.0091
377.266	-0.0104
381.963	-0.0116
386.718	-0.0127
391.532	-0.0136
396.406	-0.0140
401.341	-0.0138
406.337	-0.0130
411.395	-0.0115
416.517	-0.0092
421.702	-0.0062
426.951	-0.0027
432.266	0.0012
437.648	0.0052
443.096	0.0090
448.612	0.0126
454.196	0.0159
459.851	0.0189
465.575	0.0216
471.371	0.0239
477.239	0.0260
483.180	0.0276
489.195	0.0288
495.285	0.0297
501.450	0.0301
507.693	0.0301
514.013	0.0297
520.412	0.0289
526.890	0.0279
533.449	0.0267
540.090	0.0255
546.814	0.0244
553.621	0.0236
560.513	0.0228
567.490	0.0223
574.555	0.0218
581.707	0.0215
588.949	0.0212
596.281	0.0211
603.703	0.0210
611.219	0.0211
618.828	0.0213
626.531	0.0216
634.331	0.0221
642.228	0.0225
650.222	0.0228
658.317	0.0229
666.512	0.0227
674.809	0.0221
683.210	0.0210
691.715	0.0194
700.326	0.0173
709.044	0.0151
717.871	0.0129
726.807	0.0108
735.855	0.0090
745.016	0.0074
754.290	0.0060
763.680	0.0046
773.187	0.0029
782.812	0.0013
792.557	-0.0003
802.424	-0.0020
812.413	-0.0038
822.526	-0.0057
832.766	-0.0075
843.133	-0.0090
853.629	-0.0102
864.255	-0.0113
875.014	-0.0121
885.907	-0.0128
896.935	-0.0135
908.101	-0.0144
919.406	-0.0154
930.851	-0.0164
942.439	-0.0177
954.171	-0.0189
966.049	-0.0201
978.076	-0.0215
990.251	-0.0227
1002.579	-0.0239
1015.060	-0.0251
1027.696	-0.0263
1040.489	-0.0277
1053.442	-0.0288
1066.556	-0.0300
1079.833	-0.0311
1093.276	-0.0322
1106.886	-0.0334
1120.665	-0.0345
1134.616	-0.0356
1148.741	-0.0365
1163.041	-0.0374
1177.519	-0.0382
1192.178	-0.0390
1207.019	-0.0397
1222.045	-0.0408
1237.258	-0.0419
1252.660	-0.0426
1268.254	-0.0431
1284.042	-0.0431
1300.027	-0.0428
1316.211	-0.0420
1332.596	-0.0409
1349.185	-0.0394
1365.981	-0.0379
1382.985	-0.0363
1400.202	-0.0345
1417.633	-0.0326
1435.280	-0.0305
1453.148	-0.0286
1471.238	-0.0265
1489.553	-0.0242
1508.096	-0.0218
1526.870	-0.0191
1545.877	-0.0162
1565.121	-0.0130
1584.605	-0.0097
1604.332	-0.0063
1624.303	-0.0029
1644.524	0.0006
1664.996	0.0041
1685.723	0.0078
1706.708	0.0116
1727.955	0.0150
1749.466	0.0185
1771.244	0.0224
1793.294	0.0265
1815.618	0.0310
1838.221	0.0362
1861.104	0.0416
1884.272	0.0476
1907.729	0.0539
1931.478	0.0600
1955.523	0.0662
1979.866	0.0728
2004.513	0.0800
2029.467	0.0877
2054.731	0.0962
2080.310	0.1052
2106.207	0.1147
2132.427	0.1249
2158.973	0.1353
2185.849	0.1459
2213.060	0.1569
2240.610	0.1684
2268.503	0.1804
2296.743	0.1932
2325.334	0.2067
2354.282	0.2204
2383.590	0.2343
2413.262	0.2483
2443.305	0.2621
2473.721	0.2756
2504.515	0.2891
2535.693	0.3023
2567.260	0.3148
2599.219	0.3268
2631.576	0.3387
2664.335	0.3507
2697.503	0.3632
2731.084	0.3762
2765.082	0.3896
2799.504	0.4032
2834.354	0.4169
2869.638	0.4308
2905.362	0.4442
2941.530	0.4577
2978.148	0.4713
3015.222	0.4852
3052.758	0.4991
3090.761	0.5131
3129.237	0.5272
3168.192	0.5415
3207.632	0.5560
3247.563	0.5704
3287.991	0.5848
3328.923	0.5995
3370.364	0.6144
3412.320	0.6296
3454.799	0.6449
3497.807	0.6602
3541.351	0.6758
3585.436	0.6917
3630.070	0.7079
3675.260	0.7245
3721.012	0.7412
3767.334	0.7584
3814.233	0.7759
3861.715	0.7935
3909.789	0.8115
3958.460	0.8299
4007.738	0.8488
4057.630	0.8679
4108.142	0.8868
4159.283	0.9059
4211.061	0.9251
4263.483	0.9443
4316.559	0.9634
4370.294	0.9823
4424.699	1.0003
4479.781	1.0173
4535.548	1.0335
4592.010	1.0484
4649.175	1.0624
4707.051	1.0756
4765.648	1.0882
4824.975	1.1001
4885.039	1.1100
4945.852	1.1190
5007.421	1.1275
5069.757	1.1355
5132.870	1.1428
5196.768	1.1487
5261.460	1.1539
5326.959	1.1585
5393.273	1.1624
5460.413	1.1654
5528.388	1.1677
5597.209	1.1689
5666.887	1.1688
5737.433	1.1668
5808.857	1.1628
5881.169	1.1564
5954.383	1.1474
6028.507	1.1361
6103.555	1.1228
6179.536	1.1073
6256.464	1.0899
6334.349	1.0703
6413.204	1.0481
6493.040	1.0230
6573.870	0.9947
6655.706	0.9642
6738.562	0.9318
6822.448	0.8978
6907.379	0.8615
6993.367	0.8215
7080.426	0.7764
7168.568	0.7264
7257.808	0.6718
7348.158	0.6135
7439.633	0.5509
7532.248	0.4837
7626.015	0.4118
7720.949	0.3359
7817.065	0.2559
7914.377	0.1721
8012.901	0.0850
8112.652	-0.0053
8213.645	-0.0975
8315.894	-0.1926
8419.416	-0.2906
8524.228	-0.3913
8630.343	-0.4940
8737.780	-0.5975
8846.555	-0.7014
8956.683	-0.8059
9068.182	-0.9110
9181.069	-1.0176
9295.362	-1.1264
9411.078	-1.2378
9528.233	-1.3518
9646.849	-1.4674
9766.939	-1.5849
9888.525	-1.7037
10011.625	-1.8241
10136.257	-1.9462
10262.440	-2.0703
10390.195	-2.1950
10519.540	-2.3206
10650.495	-2.4465
10783.080	-2.5725
10917.316	-2.6980
11053.223	-2.8240
11190.821	-2.9510
11330.133	-3.0791
11471.179	-3.2076
11613.980	-3.3342
11758.561	-3.4578
11904.939	-3.5776
12053.141	-3.6935
12203.188	-3.8029
12355.102	-3.9040
12508.907	-3.9979
12664.627	-4.0849
12822.286	-4.1657
12981.907	-4.2428
13143.516	-4.3183
13307.136	-4.3934
13472.793	-4.4687
13640.512	-4.5442
13810.319	-4.6193
13982.240	-4.6948
14156.302	-4.7717
14332.529	-4.8503
14510.951	-4.9316
14691.595	-5.0155
14874.486	-5.1029
15059.655	-5.1934
15247.129	-5.2866
15436.937	-5.3800
15629.106	-5.4727
15823.669	-5.5649
16020.654	-5.6564
16220.091	-5.7482
16422.010	-5.8416
16626.443	-5.9360
16833.422	-6.0312
17042.977	-6.1280
17255.141	-6.2227
17469.945	-6.3143
17687.424	-6.4022
17907.609	-6.4759
18130.537	-6.5504
18356.240	-6.6248
18584.752	-6.6989
18816.107	-6.7732
19050.346	-6.8474
19287.498	-6.9212
19527.604	-6.9953
19770.697	-7.0702
20016.816	-7.1466
